8 1 11 8 
6 1 11 9 
1 1 11 10 
5 1 11 11 
3 1 11 12 
6 1 11 13 
7 1 11 14 
9 1 11 15 
4 1 11 16 
5 2 11 8 
1 2 11 9 
7 2 11 10 
6 2 11 11 
6 2 11 12 
0 2 11 13 
9 2 11 14 
8 2 11 15 
3 2 11 16 
3 3 11 8 
0 3 11 9 
8 3 11 10 
7 3 11 11 
2 3 11 12 
2 3 11 13 
9 3 11 14 
8 3 11 15 
6 3 11 16 
6 4 11 8 
5 4 11 9 
9 4 11 10 
5 4 11 11 
3 4 11 12 
8 4 11 13 
8 4 11 14 
8 4 11 15 
3 4 11 16 
4 5 11 8 
7 5 11 9 
2 5 11 10 
9 5 11 11 
5 5 11 12 
6 5 11 13 
6 5 11 14 
3 5 11 15 
2 5 11 16 
9 6 11 8 
3 6 11 9 
2 6 11 10 
4 6 11 11 
6 6 11 12 
3 6 11 13 
2 6 11 14 
3 6 11 15 
7 6 11 16 
7 7 11 8 
2 7 11 9 
6 7 11 10 
3 7 11 11 
0 7 11 12 
1 7 11 13 
5 7 11 14 
8 7 11 15 
6 7 11 16 
3 8 11 8 
6 8 11 9 
4 8 11 10 
6 8 11 11 
1 8 11 12 
3 8 11 13 
8 8 11 14 
2 8 11 15 
0 8 11 16 
4 9 11 8 
0 9 11 9 
4 9 11 10 
9 9 11 11 
9 9 11 12 
7 9 11 13 
1 9 11 14 
6 9 11 15 
5 9 11 16 
4 10 11 8 
8 10 11 9 
0 10 11 10 
2 10 11 11 
5 10 11 12 
3 10 11 13 
0 10 11 14 
1 10 11 15 
5 10 11 16 
1 11 11 8 
6 11 11 9 
3 11 11 10 
9 11 11 11 
1 11 11 12 
0 11 11 13 
3 11 11 14 
7 11 11 15 
3 11 11 16 
8 12 11 8 
7 12 11 9 
7 12 11 10 
9 12 11 11 
4 12 11 12 
7 12 11 13 
5 12 11 14 
3 12 11 15 
9 12 11 16 
4 13 11 8 
6 13 11 9 
5 13 11 10 
9 13 11 11 
1 13 11 12 
5 13 11 13 
9 13 11 14 
5 13 11 15 
1 13 11 16 
4 14 11 8 
5 14 11 9 
4 14 11 10 
0 14 11 11 
8 14 11 12 
2 14 11 13 
5 14 11 14 
7 14 11 15 
3 14 11 16 
7 15 11 8 
2 15 11 9 
2 15 11 10 
0 15 11 11 
2 15 11 12 
9 15 11 13 
9 15 11 14 
3 15 11 15 
5 15 11 16 
7 16 11 8 
8 16 11 9 
0 16 11 10 
8 16 11 11 
2 16 11 12 
7 16 11 13 
5 16 11 14 
3 16 11 15 
0 16 11 16 
0 17 11 8 
3 17 11 9 
7 17 11 10 
3 17 11 11 
9 17 11 12 
4 17 11 13 
7 17 11 14 
9 17 11 15 
4 17 11 16 
9 18 11 8 
7 18 11 9 
3 18 11 10 
4 18 11 11 
4 18 11 12 
7 18 11 13 
6 18 11 14 
7 18 11 15 
9 18 11 16 
8 19 11 8 
6 19 11 9 
5 19 11 10 
3 19 11 11 
5 19 11 12 
5 19 11 13 
6 19 11 14 
3 19 11 15 
0 19 11 16 
3 20 11 8 
0 20 11 9 
3 20 11 10 
5 20 11 11 
1 20 11 12 
8 20 11 13 
2 20 11 14 
6 20 11 15 
8 20 11 16 
8 21 11 8 
4 21 11 9 
9 21 11 10 
2 21 11 11 
5 21 11 12 
6 21 11 13 
5 21 11 14 
0 21 11 15 
3 21 11 16 
2 22 11 8 
6 22 11 9 
0 22 11 10 
3 22 11 11 
4 22 11 12 
8 22 11 13 
8 22 11 14 
0 22 11 15 
4 22 11 16 
6 23 11 8 
6 23 11 9 
9 23 11 10 
6 23 11 11 
1 23 11 12 
0 23 11 13 
9 23 11 14 
8 23 11 15 
3 23 11 16 
8 24 11 8 
0 24 11 9 
9 24 11 10 
6 24 11 11 
0 24 11 12 
5 24 11 13 
7 24 11 14 
2 24 11 15 
1 24 11 16 
4 25 11 8 
9 25 11 9 
3 25 11 10 
7 25 11 11 
1 25 11 12 
1 25 11 13 
9 25 11 14 
6 25 11 15 
8 25 11 16 
7 26 11 8 
7 26 11 9 
0 26 11 10 
3 26 11 11 
3 26 11 12 
6 26 11 13 
3 26 11 14 
1 26 11 15 
9 26 11 16 
5 27 11 8 
0 27 11 9 
7 27 11 10 
8 27 11 11 
0 27 11 12 
9 27 11 13 
9 27 11 14 
8 27 11 15 
9 27 11 16 
5 28 11 8 
6 28 11 9 
1 28 11 10 
8 28 11 11 
2 28 11 12 
0 28 11 13 
3 28 11 14 
9 28 11 15 
3 28 11 16 
6 29 11 8 
0 29 11 9 
1 29 11 10 
4 29 11 11 
7 29 11 12 
0 29 11 13 
4 29 11 14 
1 29 11 15 
5 29 11 16 
2 30 11 8 
6 30 11 9 
6 30 11 10 
1 30 11 11 
1 30 11 12 
7 30 11 13 
1 30 11 14 
1 30 11 15 
9 30 11 16 
